Duplication Distance: (a)

(i)
Distance: 4
(01 ; 0)
(001 ; 1)
(0001 ; 2)
(000101 ; 3)
(00010101 ; 4)

(ii)
Distance: 5
(01 ; 0)
(001 ; 1)
(0001 ; 2)
(00010001 ; 3)
(000110001 ; 4)
(0001100001 ; 5)

(iii)
Distance: 6
(01 ; 0)
(001 ; 1)
(0001 ; 2)
(000101 ; 3)
(00010101 ; 4)
(000101011 ; 5)
(0001010111 ; 6)

(iv)
Distance: 6
(01 ; 0)
(0101 ; 1)
(010101 ; 2)
(010010101 ; 3)
(0100010101 ; 4)
(010000010101 ; 5)
(0100000101011 ; 6)

(v)
Distance: 6
(01 ; 0)
(001 ; 1)
(001001 ; 2)
(0010011 ; 3)
(00100110010011 ; 4)
(001000110010011 ; 5)
(0010001100100111 ; 6)

(vi)
Distance: 5
(010 ; 0)
(01010 ; 1)
(0101001010 ; 2)
(01101001010 ; 3)
(011010011001010 ; 4)
(0110100110010110 ; 5)
